Constructora y Perforadora Latina, S.A. de C.V. Rig Modular Latina01 USD
CONCEPT Daily rate Days Income Operating Expenses SG&A Capital Expenditures Taxes (paid or accrued) Factoring Costs related to the Charter Contracts Interest Cash generated Net cash flow Initial cash Final cash
current bond Amortization final bond Interest

r
52,2 31
2 068 560 576 072 93 000 34 100
49 575 1 839 236 (523 423) (523 423)
798 000 274 577

January
31 902 594 365 481
93 000 34 100 94 766 10 414 579 340 (274 507) (274 507) 274 577
70

50 000 000 50 000 000

50 000 000 50 000 000

2017

February

March

April

May

June

July

August

September

October

November December

1 Total

28 1 434 442 1 235 138
84 000 30 800 29 850 11 367
43 287 43 287
70 43 356

118 440

43 356 43 356

118 440 118440 43 356 161796

161 796 161 796

271 440
271 440 271 440 161 796 433 236

433 236 433 236

433 236 433 236

433 236 433 236

433 236 433 236

433 236 433 236

433 236 433 236

433 236 433 236

4 795 476 2 176 691
270 000 99 000
124 616 71 356
2 418 576 (364 764) (364 764) 433 236
68 472

50 000 000 50 000 000 50 000 000 50 000 000 50 000 000 50 000 000 50 000 000 50 000 000 50 000 000 50 000 000 50 000 000 50 000 000

50 000 000 50 000 000 50 000 000 50 000 000 50 000 000 50 000 000 50 000 000 50 000 000 50 000 000 50 000 000 50 000 000 50 000 000

1 109 375

1 250 000

1 250 000

1 250 000

4 859 375

